Loss: 0.34103530645370483
Accuracy: 0.8970999717712402
