Loss: 0.6308125257492065
Accuracy: 0.8896999955177307
